# 3D point cloud: one point per line, columns x y z (space-separated)
# x y z
2.7396 4.0858 4.4840
-0.6112 1.9971 0.0909
3.5860 -2.3413 10.2469
1.9737 4.6918 2.0437
-4.0582 2.7875 -4.9798
4.7562 2.1689 9.8067
2.6114 -0.5064 7.4128
2.8606 -2.2776 9.7570
-3.7189 -4.0361 -1.3996
-0.4961 4.0260 -1.0137
-1.2920 -0.4422 0.5725
4.2676 -2.9764 10.5638
1.4387 -1.9404 5.8322
3.2276 0.7922 6.8735
-0.5659 -3.2323 5.6529
-2.7276 3.5661 -5.2707
0.5458 2.5852 1.7812
-4.3618 2.1946 -5.7826
3.2763 -0.6791 8.1301
1.3166 1.2731 4.9593
2.5809 0.8410 6.7366
-1.4547 1.4985 0.9565
4.7070 -4.1556 13.2304
3.9312 -0.8419 8.8744
2.7838 -4.5839 10.6190
-3.0536 -0.0601 -1.2898
-0.3328 -1.7014 4.0385
-4.5620 -3.5548 -2.0835
-3.4571 -3.9660 1.0776
1.8305 0.8764 5.2728
2.4476 -3.2941 11.8242
4.6751 4.2512 8.4885
-1.7417 0.8106 -1.1144
-1.2954 -1.5313 1.9946
-0.3044 0.9092 0.3526
-3.1053 -4.7720 1.5689
-3.7008 4.5856 -5.9040
-0.2430 -0.1770 3.9830
-2.7309 2.8274 -4.0873
1.6981 -4.1727 8.2312
-0.6285 -0.1334 0.0167
3.3268 -0.0929 7.9019
2.0027 4.3783 1.4390
-1.8763 0.7173 -0.9178
3.3226 -0.2651 7.3191
3.0476 -2.3302 9.3414
-1.1252 -1.6843 0.9019
-2.1167 0.2067 -1.8075
1.8250 -0.6109 8.3554
-3.6025 -4.7839 0.1360
-3.0009 3.2629 -5.2085
-4.9264 3.9616 -5.7219
2.8692 -3.5975 13.0869
1.6485 0.5404 3.8689
2.0517 -3.9142 8.8406
2.8073 1.7224 6.1746
-0.4108 -2.1877 5.8626
0.6874 1.5942 1.7689
-3.6020 2.2699 -4.4643
-3.8547 2.6865 -4.1539
1.6840 -3.9226 9.0989
-0.2890 4.1601 -1.1378
0.6524 -2.6979 6.0030
2.6500 -4.6259 9.3008
1.3472 0.5485 4.3438
0.5358 -1.2908 4.5699
0.5921 3.2979 1.4820
-1.9605 3.0825 -2.9621
-4.6918 -1.8286 -2.1033
-0.6328 4.5290 -0.5597
-2.8542 -2.0908 0.5469
-0.9147 0.1506 1.8592
3.5340 -2.4403 10.3065
-2.6606 4.3604 -4.4792
-4.4170 -3.3539 -1.6639
-2.1862 -4.5509 3.6780
-2.0641 -0.6490 0.3258
1.6192 4.9238 3.5829
0.5703 3.9168 2.2954
2.8390 2.4861 5.6555
1.6431 3.9079 1.5753
-0.9361 3.9345 -2.6642
3.1402 0.1886 8.7506
-3.3303 -1.8407 -0.2601
-4.7729 2.7201 -5.8553
-4.0995 1.6166 -6.1872
2.2236 -1.2634 8.2736
-0.3812 -4.0553 6.1268
-3.3873 2.4679 -5.1657
0.0104 -2.3754 4.4445
-3.4769 4.3681 -5.4461
1.9632 -2.5903 8.0695
-0.5384 -3.7724 4.9181
-1.1898 3.3111 -1.5371
-1.9849 -3.4672 2.5444
1.3028 -3.2073 7.6727
-1.3819 0.9938 1.6036
-4.1235 3.7456 -8.7484
-3.8199 -3.0357 -0.5382
4.6190 -1.8968 11.6224
